{
 "chain_iptm": [
  0.8,
  0.79,
  0.41,
  0.41,
  0.39,
  0.39
 ],
 "chain_pair_iptm": [
  [
   0.9,
   0.92,
   0.89,
   0.87,
   0.66,
   0.65
  ],
  [
   0.92,
   0.9,
   0.87,
   0.89,
   0.64,
   0.64
  ],
  [
   0.89,
   0.87,
   0.03,
   0.05,
   0.12,
   0.11
  ],
  [
   0.87,
   0.89,
   0.05,
   0.03,
   0.11,
   0.12
  ],
  [
   0.66,
   0.64,
   0.12,
   0.11,
   0.02,
   0.43
  ],
  [
   0.65,
   0.64,
   0.11,
   0.12,
   0.43,
   0.02
  ]
 ],
 "chain_pair_pae_min": [
  [
   0.76,
   0.85,
   1.85,
   2.38,
   4.45,
   3.81
  ],
  [
   0.86,
   0.76,
   2.25,
   1.93,
   4.02,
   4.14
  ],
  [
   3.22,
   6.77,
   0.78,
   9.53,
   16.24,
   16.01
  ],
  [
   6.94,
   3.19,
   10.35,
   0.78,
   17.44,
   16.26
  ],
  [
   4.09,
   3.92,
   7.61,
   7.76,
   0.79,
   1.39
  ],
  [
   3.96,
   3.96,
   8.13,
   7.42,
   1.28,
   0.79
  ]
 ],
 "chain_ptm": [
  0.9,
  0.9,
  0.03,
  0.03,
  0.02,
  0.02
 ],
 "fraction_disordered": 0.0,
 "has_clash": 0.0,
 "iptm": 0.9,
 "num_recycles": 10.0,
 "ptm": 0.92,
 "ranking_score": 0.9
}