{
 "chain_iptm": [
  0.8,
  0.8,
  0.41,
  0.41,
  0.39,
  0.39
 ],
 "chain_pair_iptm": [
  [
   0.9,
   0.92,
   0.9,
   0.88,
   0.65,
   0.65
  ],
  [
   0.92,
   0.9,
   0.88,
   0.9,
   0.64,
   0.64
  ],
  [
   0.9,
   0.88,
   0.03,
   0.05,
   0.12,
   0.11
  ],
  [
   0.88,
   0.9,
   0.05,
   0.03,
   0.12,
   0.12
  ],
  [
   0.65,
   0.64,
   0.12,
   0.12,
   0.02,
   0.44
  ],
  [
   0.65,
   0.64,
   0.11,
   0.12,
   0.44,
   0.02
  ]
 ],
 "chain_pair_pae_min": [
  [
   0.76,
   0.84,
   1.79,
   2.32,
   4.4,
   3.7
  ],
  [
   0.84,
   0.76,
   2.18,
   1.88,
   4.13,
   3.85
  ],
  [
   3.15,
   6.66,
   0.78,
   9.18,
   15.72,
   15.96
  ],
  [
   6.88,
   3.17,
   10.02,
   0.78,
   16.98,
   15.58
  ],
  [
   3.42,
   3.54,
   6.71,
   6.66,
   0.79,
   1.3
  ],
  [
   3.84,
   3.91,
   7.24,
   7.04,
   1.25,
   0.78
  ]
 ],
 "chain_ptm": [
  0.9,
  0.9,
  0.03,
  0.03,
  0.02,
  0.02
 ],
 "fraction_disordered": 0.02,
 "has_clash": 0.0,
 "iptm": 0.9,
 "num_recycles": 10.0,
 "ptm": 0.92,
 "ranking_score": 0.92
}