A_CFU: -5388603.36438282
B_CFU: 66683325.953339
C_CFU: 38292706.79524336
OD600_MEAS_THRESHOLD: 0.09573000000000001
OD600_PCT_STD: 0.01964606679505892
P_JCJT_CFU: 801108.7337189742
Q_JCJT_CFU: -5133635.547691616
R_JCJT_CFU: 13418613.55590658
